image_width: 1920
image_height: 1280
camera_name: camera1
camera_matrix:
  rows: 3
  cols: 3
  data: [1173.17774, 0.0, 974.86333, 0.0, 1207.6118, 650.24307, 0.0, 0.0, 1.0]
distortion_model: plumb_bob
distortion_coefficients:
  rows: 1
  cols: 5
  data: [0.0, 0.0, 0.0, 0.0, 0.0]
projection_matrix:
  rows: 3
  cols: 4
  data: [1172.56665, 0.0, 974.35554, 0.0, 0.0, 1206.66846, 649.73509, 0.0, 0.0, 0.0,
    1.0, 0.0]
rectification_matrix:
  rows: 3
  cols: 3
  data: [1.0, 0.0, 0.0, 0.0, 1.0, 0.0, 0.0, 0.0, 1.0]
