image_width: 1920
image_height: 1280
camera_name: camera0
camera_matrix:
  rows: 3
  cols: 3
  data: [1178.7915, 0.0, 974.15476, 0.0, 1214.08441, 651.15244, 0.0, 0.0, 1.0]
distortion_model: plumb_bob
distortion_coefficients:
  rows: 1
  cols: 5
  data: [0.0, 0.0, 0.0, 0.0, 0.0]
projection_matrix:
  rows: 3
  cols: 4
  data: [1178.17749, 0.0, 973.64733, 0.0, 0.0, 1213.13586, 650.64367, 0.0, 0.0, 0.0,
    1.0, 0.0]
rectification_matrix:
  rows: 3
  cols: 3
  data: [1.0, 0.0, 0.0, 0.0, 1.0, 0.0, 0.0, 0.0, 1.0]
